Time difference of 15.14888 mins
Runtime: 15.14888 

Model diagnosis: successful convergence  

Number of decision makers: 491 
Number of observations: 17210 

Number of draws for random component: 5 

LL(null):  -29705.95 
LL(final):  -14770.4 
Rho2:  0.5027798 
Estimated parameters:  27 

AIC:  29594.8 
AICc:  29598.06 
BIC:  29804.13 

Estimates:
                est     se trat_0 trat_1  robse robtrat_0 robtrat_1
ASC_W        2.2589 0.0745  30.33  16.90 0.1927     11.72      6.53
ASC_B        0.3433 0.0583   5.89 -11.26 0.1828      1.88     -3.59
ASC_C        0.6382 0.0480  13.29  -7.53 0.1505      4.24     -2.40
ASC_CP      -2.9904 0.2415 -12.38 -16.52 0.5572     -5.37     -7.16
ASC_CS      -0.8776 0.1818  -4.83 -10.33 0.3897     -2.25     -4.82
B_COST      -1.0923 0.0467 -23.41 -44.83 0.1199     -9.11    -17.46
B_TT_W      30.5456 1.6071  19.01  18.38 4.3998      6.94      6.72
B_TT_B      34.1263 1.5246  22.38  21.73 4.2917      7.95      7.72
B_TT_C      28.2706 1.4455  19.56  18.87 3.7437      7.55      7.28
B_TT_PT     18.8528 0.8521  22.13  20.95 1.9316      9.76      9.24
B_TT_CS     20.1097 1.2434  16.17  15.37 2.5181      7.99      7.59
B_TT_CP     24.9393 1.2574  19.83  19.04 2.9588      8.43      8.09
S_MC         0.4650 0.0247  18.84 -21.68 0.0718      6.48     -7.45
S_RCC        0.7603 0.0703  10.82  -3.41 0.1300      5.85     -1.84
S_RCPT       0.9488 0.0893  10.63  -0.57 0.1475      6.43     -0.35
SIGMA_W      0.0949 0.0417   2.28 -21.72 0.1172      0.81     -7.73
SIGMA_B     -0.1926 0.0372  -5.18 -32.09 0.1246     -1.55     -9.57
SIGMA_C     -0.0977 0.0371  -2.63 -29.59 0.1472     -0.66     -7.46
SIGMA_CP    -0.0027 0.1132  -0.02  -8.85 0.2140     -0.01     -4.69
SIGMA_CS    -0.0289 0.1236  -0.23  -8.33 0.3265     -0.09     -3.15
SIGMA_SCALE  0.4701 0.0210  22.39 -25.24 0.0838      5.61     -6.32
SIGMA_TT_W   0.9687 0.5640   1.72  -0.06 1.7726      0.55     -0.02
SIGMA_TT_B  15.8788 0.8869  17.90  16.78 2.8566      5.56      5.21
SIGMA_TT_C  21.9048 1.3404  16.34  15.60 4.9598      4.42      4.21
SIGMA_TT_PT -3.5533 0.3453 -10.29 -13.19 1.0725     -3.31     -4.25
SIGMA_TT_CP -1.6992 0.6579  -2.58  -4.10 1.7663     -0.96     -1.53
SIGMA_TT_CS  0.3448 0.5776   0.60  -1.13 1.0525      0.33     -0.62


Robust covariance matrix:
                 ASC_W      ASC_B      ASC_C    ASC_CP     ASC_CS     B_COST
ASC_W        0.0371300  0.0126400  0.0086260  0.001444 -0.0050030 -0.0059360
ASC_B        0.0126400  0.0334300  0.0105200 -0.010840 -0.0099910 -0.0007184
ASC_C        0.0086260  0.0105200  0.0226500  0.009161  0.0016640  0.0005689
ASC_CP       0.0014440 -0.0108400  0.0091610  0.310400  0.1134000 -0.0223300
ASC_CS      -0.0050030 -0.0099910  0.0016640  0.113400  0.1518000  0.0026120
B_COST      -0.0059360 -0.0007184  0.0005689 -0.022330  0.0026120  0.0143700
B_TT_W       0.5300000  0.0242800 -0.0391400  0.572900 -0.0947100 -0.4422000
B_TT_B       0.2119000  0.4728000  0.1181000 -0.335600 -0.7287000 -0.2512000
B_TT_C       0.2042000  0.1349000  0.2659000  0.331800 -0.3590000 -0.2963000
B_TT_PT      0.0992400  0.0541800  0.0412700  0.037340 -0.2739000 -0.1481000
B_TT_CS      0.0968500  0.0887000  0.0637000  0.061780 -0.0434900 -0.1546000
B_TT_CP      0.0717300  0.0935300  0.1223000  0.600900 -0.1884000 -0.1419000
S_MC         0.0012530 -0.0025090 -0.0010630  0.027180  0.0129200 -0.0043360
S_RCC        0.0054030  0.0005819 -0.0002703  0.018700 -0.0001253 -0.0100900
S_RCPT       0.0019760 -0.0040650 -0.0042900  0.020680  0.0144700 -0.0055340
SIGMA_W      0.0022150 -0.0020930 -0.0003784  0.008732  0.0035950 -0.0019590
SIGMA_B     -0.0018010  0.0030340  0.0002189  0.002197  0.0050840  0.0002926
SIGMA_C      0.0016500  0.0014300 -0.0050000 -0.013360 -0.0059560  0.0011550
SIGMA_CP    -0.0006015 -0.0017130  0.0027070  0.016500  0.0024230  0.0015910
SIGMA_CS     0.0035040  0.0058530 -0.0029950 -0.029500 -0.0248800  0.0039050
SIGMA_SCALE  0.0005428 -0.0044180 -0.0051540  0.002625  0.0060170 -0.0014060
SIGMA_TT_W  -0.0038690  0.0626200  0.0447400 -0.197800 -0.1346000  0.0594100
SIGMA_TT_B   0.0773100  0.2562000  0.0251400 -0.336000 -0.4864000 -0.1151000
SIGMA_TT_C   0.0862300 -0.0895100  0.1381000  1.069000  0.3451000 -0.3767000
SIGMA_TT_PT -0.0347800 -0.0168400  0.0196700 -0.081550 -0.0110800  0.0364100
SIGMA_TT_CP  0.0389100 -0.0087680 -0.0359400 -0.048730  0.0542700 -0.0400200
SIGMA_TT_CS  0.0083030  0.0132200 -0.0005842 -0.040350 -0.0203300  0.0095940
              B_TT_W   B_TT_B    B_TT_C   B_TT_PT   B_TT_CS   B_TT_CP
ASC_W        0.53000  0.21190  0.204200  0.099240  0.096850  0.071730
ASC_B        0.02428  0.47280  0.134900  0.054180  0.088700  0.093530
ASC_C       -0.03914  0.11810  0.265900  0.041270  0.063700  0.122300
ASC_CP       0.57290 -0.33560  0.331800  0.037340  0.061780  0.600900
ASC_CS      -0.09471 -0.72870 -0.359000 -0.273900 -0.043490 -0.188400
B_COST      -0.44220 -0.25120 -0.296300 -0.148100 -0.154600 -0.141900
B_TT_W      19.36000  7.16100  9.104000  5.199000  4.902000  3.788000
B_TT_B       7.16100 18.42000  9.698000  5.583000  6.425000  6.897000
B_TT_C       9.10400  9.69800 14.020000  6.039000  6.028000  7.065000
B_TT_PT      5.19900  5.58300  6.039000  3.731000  3.396000  3.821000
B_TT_CS      4.90200  6.42500  6.028000  3.396000  6.341000  5.547000
B_TT_CP      3.78800  6.89700  7.065000  3.821000  5.547000  8.754000
S_MC         0.14600 -0.05987  0.043130  0.015180 -0.028010 -0.019230
S_RCC        0.33470  0.17720  0.211000  0.109800  0.125800  0.104000
S_RCPT       0.19220 -0.13600 -0.079260 -0.064910 -0.070690 -0.128300
SIGMA_W      0.05713 -0.05065  0.054730  0.010600  0.015710  0.025110
SIGMA_B     -0.03792 -0.02417 -0.039920 -0.026210 -0.035940 -0.050090
SIGMA_C     -0.01768  0.05251 -0.069820  0.016970  0.026770  0.005966
SIGMA_CP    -0.04343 -0.06506  0.005856 -0.012580 -0.045080  0.033150
SIGMA_CS    -0.06213  0.13170 -0.042450  0.052070 -0.076590 -0.017410
SIGMA_SCALE  0.11040 -0.11400 -0.067500 -0.002703 -0.016640 -0.066950
SIGMA_TT_W  -2.42700  0.87160 -0.491400 -0.167500 -0.004652  0.620800
SIGMA_TT_B   2.62600 10.95000  4.235000  2.791000  3.478000  3.746000
SIGMA_TT_C  11.22000  2.01800  9.516000  2.699000  2.723000  2.273000
SIGMA_TT_PT -1.57900 -1.09600 -0.491500 -0.662300 -1.130000 -1.005000
SIGMA_TT_CP  2.00000 -0.38390 -0.010690  0.054890 -0.515300 -1.675000
SIGMA_TT_CS -0.35690  0.39720  0.084450  0.073390  0.528300  0.460900
                  S_MC      S_RCC     S_RCPT    SIGMA_W    SIGMA_B    SIGMA_C
ASC_W        0.0012530  0.0054030  1.976e-03  0.0022150 -1.801e-03  0.0016500
ASC_B       -0.0025090  0.0005819 -4.065e-03 -0.0020930  3.034e-03  0.0014300
ASC_C       -0.0010630 -0.0002703 -4.290e-03 -0.0003784  2.189e-04 -0.0050000
ASC_CP       0.0271800  0.0187000  2.068e-02  0.0087320  2.197e-03 -0.0133600
ASC_CS       0.0129200 -0.0001253  1.447e-02  0.0035950  5.084e-03 -0.0059560
B_COST      -0.0043360 -0.0100900 -5.534e-03 -0.0019590  2.926e-04  0.0011550
B_TT_W       0.1460000  0.3347000  1.922e-01  0.0571300 -3.792e-02 -0.0176800
B_TT_B      -0.0598700  0.1772000 -1.360e-01 -0.0506500 -2.417e-02  0.0525100
B_TT_C       0.0431300  0.2110000 -7.926e-02  0.0547300 -3.992e-02 -0.0698200
B_TT_PT      0.0151800  0.1098000 -6.491e-02  0.0106000 -2.621e-02  0.0169700
B_TT_CS     -0.0280100  0.1258000 -7.069e-02  0.0157100 -3.594e-02  0.0267700
B_TT_CP     -0.0192300  0.1040000 -1.283e-01  0.0251100 -5.009e-02  0.0059660
S_MC         0.0051540  0.0036430  4.709e-03  0.0011700  9.434e-04 -0.0015420
S_RCC        0.0036430  0.0169000  3.786e-03  0.0014540 -3.991e-04 -0.0006003
S_RCPT       0.0047090  0.0037860  2.175e-02  0.0011740  9.793e-04 -0.0019940
SIGMA_W      0.0011700  0.0014540  1.174e-03  0.0137300 -1.610e-03  0.0010100
SIGMA_B      0.0009434 -0.0003991  9.793e-04 -0.0016100  1.552e-02 -0.0005185
SIGMA_C     -0.0015420 -0.0006003 -1.994e-03  0.0010100 -5.185e-04  0.0216800
SIGMA_CP     0.0007031 -0.0018260  9.750e-04  0.0003135 -8.087e-04  0.0003273
SIGMA_CS    -0.0018170 -0.0026240 -3.925e-03  0.0027490  8.317e-05  0.0041040
SIGMA_SCALE  0.0020720  0.0018610  4.314e-03  0.0007250  2.044e-04  0.0019330
SIGMA_TT_W  -0.0484700 -0.0559100 -8.124e-02  0.0162000 -1.795e-04  0.0342100
SIGMA_TT_B  -0.0605000  0.0781000 -9.621e-02 -0.0229100 -3.068e-02  0.0814900
SIGMA_TT_C   0.1821000  0.2433000  2.435e-01  0.0296700  2.571e-02 -0.2689000
SIGMA_TT_PT -0.0084480 -0.0373300 -8.716e-05 -0.0098590  1.184e-03 -0.0354500
SIGMA_TT_CP  0.0337000  0.0263900  5.852e-02 -0.0112600  2.459e-02 -0.0154600
SIGMA_TT_CS -0.0153200  0.0060080 -1.587e-02  0.0275500 -1.071e-02  0.0332600
              SIGMA_CP   SIGMA_CS SIGMA_SCALE SIGMA_TT_W SIGMA_TT_B SIGMA_TT_C
ASC_W       -0.0006015  3.504e-03   0.0005428 -0.0038690    0.07731   0.086230
ASC_B       -0.0017130  5.853e-03  -0.0044180  0.0626200    0.25620  -0.089510
ASC_C        0.0027070 -2.995e-03  -0.0051540  0.0447400    0.02514   0.138100
ASC_CP       0.0165000 -2.950e-02   0.0026250 -0.1978000   -0.33600   1.069000
ASC_CS       0.0024230 -2.488e-02   0.0060170 -0.1346000   -0.48640   0.345100
B_COST       0.0015910  3.905e-03  -0.0014060  0.0594100   -0.11510  -0.376700
B_TT_W      -0.0434300 -6.213e-02   0.1104000 -2.4270000    2.62600  11.220000
B_TT_B      -0.0650600  1.317e-01  -0.1140000  0.8716000   10.95000   2.018000
B_TT_C       0.0058560 -4.245e-02  -0.0675000 -0.4914000    4.23500   9.516000
B_TT_PT     -0.0125800  5.207e-02  -0.0027030 -0.1675000    2.79100   2.699000
B_TT_CS     -0.0450800 -7.659e-02  -0.0166400 -0.0046520    3.47800   2.723000
B_TT_CP      0.0331500 -1.741e-02  -0.0669500  0.6208000    3.74600   2.273000
S_MC         0.0007031 -1.817e-03   0.0020720 -0.0484700   -0.06050   0.182100
S_RCC       -0.0018260 -2.624e-03   0.0018610 -0.0559100    0.07810   0.243300
S_RCPT       0.0009750 -3.925e-03   0.0043140 -0.0812400   -0.09621   0.243500
SIGMA_W      0.0003135  2.749e-03   0.0007250  0.0162000   -0.02291   0.029670
SIGMA_B     -0.0008087  8.317e-05   0.0002044 -0.0001795   -0.03068   0.025710
SIGMA_C      0.0003273  4.104e-03   0.0019330  0.0342100    0.08149  -0.268900
SIGMA_CP     0.0457900 -8.131e-03  -0.0005448  0.0154900   -0.04098  -0.015870
SIGMA_CS    -0.0081310  1.066e-01   0.0012630  0.1406000    0.12960  -0.431700
SIGMA_SCALE -0.0005448  1.263e-03   0.0070260 -0.0627600   -0.07434  -0.003268
SIGMA_TT_W   0.0154900  1.406e-01  -0.0627600  3.1420000    1.39800  -3.613000
SIGMA_TT_B  -0.0409800  1.296e-01  -0.0743400  1.3980000    8.16000  -1.828000
SIGMA_TT_C  -0.0158700 -4.317e-01  -0.0032680 -3.6130000   -1.82800  24.600000
SIGMA_TT_PT  0.0035850 -3.594e-02  -0.0286000  0.0715700   -0.67170  -0.151200
SIGMA_TT_CP -0.0259100  1.241e-02   0.0430200 -0.9080000   -0.59890   2.710000
SIGMA_TT_CS  0.0118000  4.001e-02  -0.0053400  0.3040000    0.54060  -1.694000
            SIGMA_TT_PT SIGMA_TT_CP SIGMA_TT_CS
ASC_W        -3.478e-02    0.038910   0.0083030
ASC_B        -1.684e-02   -0.008768   0.0132200
ASC_C         1.967e-02   -0.035940  -0.0005842
ASC_CP       -8.155e-02   -0.048730  -0.0403500
ASC_CS       -1.108e-02    0.054270  -0.0203300
B_COST        3.641e-02   -0.040020   0.0095940
B_TT_W       -1.579e+00    2.000000  -0.3569000
B_TT_B       -1.096e+00   -0.383900   0.3972000
B_TT_C       -4.915e-01   -0.010690   0.0844500
B_TT_PT      -6.623e-01    0.054890   0.0733900
B_TT_CS      -1.130e+00   -0.515300   0.5283000
B_TT_CP      -1.005e+00   -1.675000   0.4609000
S_MC         -8.448e-03    0.033700  -0.0153200
S_RCC        -3.733e-02    0.026390   0.0060080
S_RCPT       -8.716e-05    0.058520  -0.0158700
SIGMA_W      -9.859e-03   -0.011260   0.0275500
SIGMA_B       1.184e-03    0.024590  -0.0107100
SIGMA_C      -3.545e-02   -0.015460   0.0332600
SIGMA_CP      3.585e-03   -0.025910   0.0118000
SIGMA_CS     -3.594e-02    0.012410   0.0400100
SIGMA_SCALE  -2.860e-02    0.043020  -0.0053400
SIGMA_TT_W    7.157e-02   -0.908000   0.3040000
SIGMA_TT_B   -6.717e-01   -0.598900   0.5406000
SIGMA_TT_C   -1.512e-01    2.710000  -1.6940000
SIGMA_TT_PT   1.150e+00    0.102500  -0.2894000
SIGMA_TT_CP   1.025e-01    3.120000  -0.5699000
SIGMA_TT_CS  -2.894e-01   -0.569900   1.1080000
