Time difference of 33.14778 mins
Runtime: 33.14778 

Model diagnosis: successful convergence  

Number of decision makers: 491 
Number of observations: 17210 

Number of draws for random component: 5 

LL(null):  -29705.95 
LL(final):  -13893.41 
Rho2:  0.5323022 
Estimated parameters:  27 

AIC:  27840.81 
AICc:  27844.08 
BIC:  28050.15 

Estimates:
                est     se trat_0 trat_1  robse robtrat_0 robtrat_1
ASC_W        1.9971 0.0724  27.58  13.77 0.2001      9.98      4.98
ASC_B       -0.7160 0.0781  -9.17 -21.97 0.2129     -3.36     -8.06
ASC_C       -0.0722 0.0563  -1.28 -19.06 0.1690     -0.43     -6.35
ASC_CP      -2.3546 0.1641 -14.35 -20.44 0.3340     -7.05    -10.04
ASC_CS      -1.2455 0.1412  -8.82 -15.91 0.2962     -4.20     -7.58
B_COST      -1.6658 0.0532 -31.30 -50.09 0.1283    -12.99    -20.79
B_TT_W      43.8544 2.4749  17.72  17.32 6.1371      7.15      6.98
B_TT_B      29.1935 1.5205  19.20  18.54 3.5112      8.31      8.03
B_TT_C      25.7226 1.5916  16.16  15.53 3.6931      6.97      6.69
B_TT_PT     23.1302 1.1173  20.70  19.81 2.5115      9.21      8.81
B_TT_CS     22.1314 1.3248  16.71  15.95 2.3765      9.31      8.89
B_TT_CP     28.9837 1.4219  20.38  19.68 2.9834      9.72      9.38
S_MC         0.6039 0.0283  21.33 -13.99 0.0717      8.42     -5.53
S_RCC        1.3311 0.1191  11.17   2.78 0.2045      6.51      1.62
S_RCPT       1.3009 0.1242  10.48   2.42 0.1857      7.01      1.62
SIGMA_W      0.3445 0.0403   8.54 -16.25 0.0868      3.97     -7.55
SIGMA_B      2.3266 0.0705  32.99  18.81 0.2079     11.19      6.38
SIGMA_C      1.7920 0.0453  39.60  17.50 0.1150     15.59      6.89
SIGMA_CP    -0.1394 0.1299  -1.07  -8.77 0.3615     -0.39     -3.15
SIGMA_CS    -0.0713 0.1076  -0.66  -9.96 0.2703     -0.26     -3.96
SIGMA_SCALE  0.0503 0.0288   1.74 -32.93 0.1161      0.43     -8.18
SIGMA_TT_W   7.1796 0.9265   7.75   6.67 2.8402      2.53      2.18
SIGMA_TT_B  -4.4012 0.8052  -5.47  -6.71 2.4618     -1.79     -2.19
SIGMA_TT_C   0.5234 0.7765   0.67  -0.61 2.9269      0.18     -0.16
SIGMA_TT_PT -0.0174 0.4108  -0.04  -2.48 1.2215     -0.01     -0.83
SIGMA_TT_CP  0.3753 0.9484   0.40  -0.66 2.1981      0.17     -0.28
SIGMA_TT_CS -0.0121 0.7193  -0.02  -1.41 1.4398     -0.01     -0.70


Robust covariance matrix:
                 ASC_W      ASC_B      ASC_C     ASC_CP     ASC_CS     B_COST
ASC_W        4.005e-02  0.0113000  0.0112600 -0.0013820 -0.0058200 -0.0028370
ASC_B        1.130e-02  0.0453400  0.0140600  0.0135700  0.0065770 -0.0068660
ASC_C        1.126e-02  0.0140600  0.0285500  0.0054160 -0.0006206 -0.0044110
ASC_CP      -1.382e-03  0.0135700  0.0054160  0.1115000  0.0524100 -0.0123700
ASC_CS      -5.820e-03  0.0065770 -0.0006206  0.0524100  0.0877600  0.0048620
B_COST      -2.837e-03 -0.0068660 -0.0044110 -0.0123700  0.0048620  0.0164500
B_TT_W       7.120e-01  0.3248000  0.1763000  0.3237000 -0.3727000 -0.6403000
B_TT_B       1.869e-01  0.3720000  0.1740000  0.0176100 -0.3358000 -0.3156000
B_TT_C       2.338e-01  0.2119000  0.3065000  0.0623100 -0.3784000 -0.3175000
B_TT_PT      9.555e-02  0.0888400  0.1090000  0.0225200 -0.3067000 -0.2405000
B_TT_CS      7.689e-02  0.0897900  0.0811900 -0.0114700 -0.0800700 -0.1937000
B_TT_CP      1.006e-01  0.0478400  0.0860500  0.2174000 -0.2923000 -0.2290000
S_MC        -6.389e-04  0.0041690  0.0015530  0.0178800  0.0105600 -0.0042860
S_RCC        3.289e-03  0.0062880  0.0064990  0.0118700 -0.0019360 -0.0142600
S_RCPT      -3.455e-04  0.0080480  0.0009543  0.0137800  0.0101400 -0.0078830
SIGMA_W      3.729e-03  0.0003584 -0.0036210  0.0001847 -0.0006275  0.0010280
SIGMA_B      6.048e-05 -0.0194900 -0.0017810 -0.0107100 -0.0026840  0.0031440
SIGMA_C      6.493e-04  0.0031260  0.0011420  0.0008507  0.0011590 -0.0013050
SIGMA_CP     8.816e-04  0.0064810  0.0248600  0.0012710 -0.0016870 -0.0071970
SIGMA_CS     3.471e-03  0.0090090  0.0028100  0.0030980  0.0128000  0.0031690
SIGMA_SCALE -1.139e-03 -0.0097540 -0.0114000 -0.0003029  0.0017800  0.0048850
SIGMA_TT_W   5.375e-03 -0.0777600 -0.2375000  0.1213000  0.0261400 -0.0433300
SIGMA_TT_B  -3.881e-02 -0.1315000 -0.1033000  0.0221300  0.0911800  0.1022000
SIGMA_TT_C   2.229e-03  0.0517300 -0.1685000  0.0131200  0.0077400  0.0628300
SIGMA_TT_PT  1.062e-02 -0.0310100 -0.0038410 -0.0064250 -0.0057690  0.0003076
SIGMA_TT_CP -3.213e-03 -0.0197500 -0.0609500 -0.0371900 -0.0251300 -0.0054090
SIGMA_TT_CS -1.537e-02  0.1036000  0.0587800 -0.0166100  0.0455500 -0.0212100
              B_TT_W   B_TT_B   B_TT_C  B_TT_PT   B_TT_CS   B_TT_CP       S_MC
ASC_W        0.71200  0.18690  0.23380  0.09555  0.076890  0.100600 -6.389e-04
ASC_B        0.32480  0.37200  0.21190  0.08884  0.089790  0.047840  4.169e-03
ASC_C        0.17630  0.17400  0.30650  0.10900  0.081190  0.086050  1.553e-03
ASC_CP       0.32370  0.01761  0.06231  0.02252 -0.011470  0.217400  1.788e-02
ASC_CS      -0.37270 -0.33580 -0.37840 -0.30670 -0.080070 -0.292300  1.056e-02
B_COST      -0.64030 -0.31560 -0.31750 -0.24050 -0.193700 -0.229000 -4.286e-03
B_TT_W      37.66000 14.61000 15.28000 11.09000  8.930000 10.940000  1.204e-01
B_TT_B      14.61000 12.33000  9.17600  6.81100  5.620000  6.661000  2.433e-02
B_TT_C      15.28000  9.17600 13.64000  8.14700  6.069000  8.042000  4.462e-02
B_TT_PT     11.09000  6.81100  8.14700  6.30700  4.641000  6.312000  2.353e-02
B_TT_CS      8.93000  5.62000  6.06900  4.64100  5.648000  5.190000 -1.929e-03
B_TT_CP     10.94000  6.66100  8.04200  6.31200  5.190000  8.901000  8.628e-03
S_MC         0.12040  0.02433  0.04462  0.02353 -0.001929  0.008628  5.139e-03
S_RCC        0.53050  0.26460  0.24290  0.16880  0.124000  0.121300  5.053e-03
S_RCPT       0.21810  0.03010 -0.02688 -0.05874 -0.032460 -0.102300  4.686e-03
SIGMA_W      0.05311 -0.02090 -0.01980 -0.01511 -0.016210 -0.010110 -3.665e-05
SIGMA_B     -0.11910 -0.10850 -0.03941 -0.03294 -0.029900 -0.020510 -2.782e-03
SIGMA_C      0.03959  0.04122  0.03056  0.01420  0.016870 -0.002106  4.297e-04
SIGMA_CP     0.12640  0.15870  0.27990  0.13120  0.098170  0.104500  1.678e-03
SIGMA_CS    -0.11080 -0.03825 -0.07348 -0.08879 -0.046870 -0.113900  1.248e-03
SIGMA_SCALE -0.12940 -0.11870 -0.16920 -0.07158 -0.049270 -0.016020 -1.748e-03
SIGMA_TT_W   4.12200  0.18170 -0.52570  0.38990  0.485500  1.236000  1.585e-02
SIGMA_TT_B  -4.00800 -3.21900 -2.67300 -1.72900 -1.566000 -1.417000 -8.560e-03
SIGMA_TT_C  -0.16510  0.18530 -1.57700 -0.48640 -0.217400  0.031850 -1.446e-02
SIGMA_TT_PT  0.16830 -0.42380  0.35780  0.11550 -0.130300 -0.091360  3.824e-03
SIGMA_TT_CP  1.01900  0.13000  0.28800  0.39200  0.300300  0.459000 -5.464e-03
SIGMA_TT_CS  0.19360  0.61130  0.29140  0.03130  0.378700 -0.830800  1.484e-02
                 S_RCC     S_RCPT    SIGMA_W    SIGMA_B    SIGMA_C   SIGMA_CP
ASC_W        0.0032890 -0.0003455  3.729e-03  6.048e-05  0.0006493  0.0008816
ASC_B        0.0062880  0.0080480  3.584e-04 -1.949e-02  0.0031260  0.0064810
ASC_C        0.0064990  0.0009543 -3.621e-03 -1.781e-03  0.0011420  0.0248600
ASC_CP       0.0118700  0.0137800  1.847e-04 -1.071e-02  0.0008507  0.0012710
ASC_CS      -0.0019360  0.0101400 -6.275e-04 -2.684e-03  0.0011590 -0.0016870
B_COST      -0.0142600 -0.0078830  1.028e-03  3.144e-03 -0.0013050 -0.0071970
B_TT_W       0.5305000  0.2181000  5.311e-02 -1.191e-01  0.0395900  0.1264000
B_TT_B       0.2646000  0.0301000 -2.090e-02 -1.085e-01  0.0412200  0.1587000
B_TT_C       0.2429000 -0.0268800 -1.980e-02 -3.941e-02  0.0305600  0.2799000
B_TT_PT      0.1688000 -0.0587400 -1.511e-02 -3.294e-02  0.0142000  0.1312000
B_TT_CS      0.1240000 -0.0324600 -1.621e-02 -2.990e-02  0.0168700  0.0981700
B_TT_CP      0.1213000 -0.1023000 -1.011e-02 -2.051e-02 -0.0021060  0.1045000
S_MC         0.0050530  0.0046860 -3.665e-05 -2.782e-03  0.0004297  0.0016780
S_RCC        0.0418400  0.0096250 -1.064e-03 -1.701e-04  0.0008465  0.0107300
S_RCPT       0.0096250  0.0344700 -5.151e-04 -4.177e-03  0.0017340  0.0008430
SIGMA_W     -0.0010640 -0.0005151  7.537e-03 -3.110e-03 -0.0002127 -0.0074360
SIGMA_B     -0.0001701 -0.0041770 -3.110e-03  4.321e-02 -0.0038820 -0.0024120
SIGMA_C      0.0008465  0.0017340 -2.127e-04 -3.882e-03  0.0132100  0.0083720
SIGMA_CP     0.0107300  0.0008430 -7.436e-03 -2.412e-03  0.0083720  0.1307000
SIGMA_CS    -0.0054150  0.0028810 -6.439e-04 -9.676e-04  0.0051630  0.0078610
SIGMA_SCALE -0.0072430 -0.0055090  3.266e-03  1.479e-03 -0.0024320 -0.0199700
SIGMA_TT_W  -0.0200300  0.0060080  9.453e-02 -9.091e-02 -0.0569600 -0.3866000
SIGMA_TT_B  -0.1023000 -0.0389300  6.893e-03  1.679e-01 -0.0845000 -0.1687000
SIGMA_TT_C  -0.1062000 -0.0611200  6.791e-02 -2.121e-01 -0.0346900 -0.5356000
SIGMA_TT_PT  0.0062120 -0.0051770  2.532e-04  1.296e-02  0.0061250 -0.0749900
SIGMA_TT_CP -0.0407200  0.0038770  1.379e-02 -1.546e-02 -0.0072330 -0.0765000
SIGMA_TT_CS  0.0330000  0.0472400 -1.171e-02 -6.803e-02  0.0331100  0.1149000
              SIGMA_CS SIGMA_SCALE SIGMA_TT_W SIGMA_TT_B SIGMA_TT_C SIGMA_TT_PT
ASC_W        0.0034710  -0.0011390   0.005375  -0.038810   0.002229   0.0106200
ASC_B        0.0090090  -0.0097540  -0.077760  -0.131500   0.051730  -0.0310100
ASC_C        0.0028100  -0.0114000  -0.237500  -0.103300  -0.168500  -0.0038410
ASC_CP       0.0030980  -0.0003029   0.121300   0.022130   0.013120  -0.0064250
ASC_CS       0.0128000   0.0017800   0.026140   0.091180   0.007740  -0.0057690
B_COST       0.0031690   0.0048850  -0.043330   0.102200   0.062830   0.0003076
B_TT_W      -0.1108000  -0.1294000   4.122000  -4.008000  -0.165100   0.1683000
B_TT_B      -0.0382500  -0.1187000   0.181700  -3.219000   0.185300  -0.4238000
B_TT_C      -0.0734800  -0.1692000  -0.525700  -2.673000  -1.577000   0.3578000
B_TT_PT     -0.0887900  -0.0715800   0.389900  -1.729000  -0.486400   0.1155000
B_TT_CS     -0.0468700  -0.0492700   0.485500  -1.566000  -0.217400  -0.1303000
B_TT_CP     -0.1139000  -0.0160200   1.236000  -1.417000   0.031850  -0.0913600
S_MC         0.0012480  -0.0017480   0.015850  -0.008560  -0.014460   0.0038240
S_RCC       -0.0054150  -0.0072430  -0.020030  -0.102300  -0.106200   0.0062120
S_RCPT       0.0028810  -0.0055090   0.006008  -0.038930  -0.061120  -0.0051770
SIGMA_W     -0.0006439   0.0032660   0.094530   0.006893   0.067910   0.0002532
SIGMA_B     -0.0009676   0.0014790  -0.090910   0.167900  -0.212100   0.0129600
SIGMA_C      0.0051630  -0.0024320  -0.056960  -0.084500  -0.034690   0.0061250
SIGMA_CP     0.0078610  -0.0199700  -0.386600  -0.168700  -0.535600  -0.0749900
SIGMA_CS     0.0730800  -0.0009056  -0.023980   0.008434  -0.007369  -0.0611700
SIGMA_SCALE -0.0009056   0.0134700   0.181300   0.097180   0.163200   0.0032970
SIGMA_TT_W  -0.0239800   0.1813000   8.067000   0.821900   4.304000   0.0037030
SIGMA_TT_B   0.0084340   0.0971800   0.821900   6.061000   0.811100   0.1019000
SIGMA_TT_C  -0.0073690   0.1632000   4.304000   0.811100   8.566000   0.2342000
SIGMA_TT_PT -0.0611700   0.0032970   0.003703   0.101900   0.234200   1.4920000
SIGMA_TT_CP -0.0734400   0.0385400   1.701000   0.666400   1.549000   0.8106000
SIGMA_TT_CS -0.0006901  -0.0640300  -0.794500  -0.891400  -0.509900  -0.0942300
            SIGMA_TT_CP SIGMA_TT_CS
ASC_W         -0.003213  -0.0153700
ASC_B         -0.019750   0.1036000
ASC_C         -0.060950   0.0587800
ASC_CP        -0.037190  -0.0166100
ASC_CS        -0.025130   0.0455500
B_COST        -0.005409  -0.0212100
B_TT_W         1.019000   0.1936000
B_TT_B         0.130000   0.6113000
B_TT_C         0.288000   0.2914000
B_TT_PT        0.392000   0.0313000
B_TT_CS        0.300300   0.3787000
B_TT_CP        0.459000  -0.8308000
S_MC          -0.005464   0.0148400
S_RCC         -0.040720   0.0330000
S_RCPT         0.003877   0.0472400
SIGMA_W        0.013790  -0.0117100
SIGMA_B       -0.015460  -0.0680300
SIGMA_C       -0.007233   0.0331100
SIGMA_CP      -0.076500   0.1149000
SIGMA_CS      -0.073440  -0.0006901
SIGMA_SCALE    0.038540  -0.0640300
SIGMA_TT_W     1.701000  -0.7945000
SIGMA_TT_B     0.666400  -0.8914000
SIGMA_TT_C     1.549000  -0.5099000
SIGMA_TT_PT    0.810600  -0.0942300
SIGMA_TT_CP    4.832000  -0.3003000
SIGMA_TT_CS   -0.300300   2.0730000
